-19.5 8
-19.5 9
-19.5 10
-19.5 10
-19.5 9
-19.5 9
-19.5 10
-19.5 10
-19.5 8
-19.5 10
-19.5 10
-19.5 10
-19.5 8
-19.5 11
-19.5 10
-19.5 10
-19.0 8
-19.0 11
-19.0 10
-19.0 10
-19.0 8
-19.0 10
-19.0 10
-19.0 10
-19.0 8
-19.0 10
-19.0 10
-19.0 10
-19.0 9
-19.0 11
-19.0 10
-19.0 10
-19.5 9
-19.5 9
-19.5 10
-19.5 10
-19.5 8
-19.5 10
-19.5 10
-19.5 10
-20.0 8
-20.0 8
-20.0 10
-20.0 10
-20.0 8
-20.0 10
-20.0 10
-20.0 10
-20.5 9
-20.5 10
-20.5 10
-20.5 10
-20.5 8
-20.5 8
-20.5 10
-20.5 9
-20.5 9
-20.5 9
-20.5 10
-20.5 9
-21.5 9
-21.5 8
-21.5 10
-21.5 9
-21.5 9
-21.5 9
-21.5 10
-21.5 9
-23.5 8
-23.5 9
-23.5 10
-23.5 9
